vol = [
1 0.00000E+00 0.00000
2 8.58351E+08 0.00006
9 6.24371E+07 0.00024
3 2.67608E+09 0.00002
solenoid 1.62812E+07 0.00048
containment1 5.07908E+07 0.00030
containment2 4.74852E+07 0.00029
containment3 5.81431E+07 0.00023
containment4 6.85919E+06 0.00068
containment5 1.34285E+07 0.00053
containment6 3.57094E+07 0.00034
containment7 5.36319E+07 0.00026
containment8 1.00364E+07 0.00057
limb 1.02393E+08 0.00021
sphere0 5.21232E+05 0.00255
sphere1 5.23400E+05 0.00281
sphere2 5.22200E+05 0.00256
sphere3 5.22384E+05 0.00291
sphere4 5.22452E+05 0.00263
sphere5 5.24336E+05 0.00262
sphere6 5.24292E+05 0.00257
sphere7 5.22804E+05 0.00285
sphere8 5.24520E+05 0.00255
sphere9 5.24072E+05 0.00299
sphere10 5.22952E+05 0.00281
sphere11 5.24804E+05 0.00288
sphere12 5.23428E+05 0.00248
sphere13 5.22508E+05 0.00285
sphere14 5.24572E+05 0.00253
sphere15 5.25664E+05 0.00234
];

