
DETdt1 = [
    1    1    1    1     1     1     1    1    1    1  1.25801E+03 0.00299 
];


DETdt2 = [
    1    1    1    1     1     1     1    1    1    1  3.40994E-03 0.41722 
    2    1    1    2     1     1     1    1    1    1  3.27347E-03 0.40290 
    3    1    1    3     1     1     1    1    1    1  6.29291E-03 0.32186 
    4    1    1    4     1     1     1    1    1    1  1.19471E-03 0.53594 
    5    1    1    5     1     1     1    1    1    1  7.38166E-03 0.27688 
    6    1    1    6     1     1     1    1    1    1  2.56518E-03 0.39942 
    7    1    1    7     1     1     1    1    1    1  1.50158E-02 0.18826 
    8    1    1    8     1     1     1    1    1    1  8.53822E-03 0.22286 
    9    1    1    9     1     1     1    1    1    1  1.70283E-02 0.18428 
   10    1    1   10     1     1     1    1    1    1  5.25163E-02 0.10895 
   11    1    1   11     1     1     1    1    1    1  1.37646E-02 0.21392 
   12    1    1   12     1     1     1    1    1    1  2.07326E-02 0.19596 
   13    1    1   13     1     1     1    1    1    1  6.50162E-03 0.26243 
   14    1    1   14     1     1     1    1    1    1  9.92803E-03 0.22922 
   15    1    1   15     1     1     1    1    1    1  4.37014E-02 0.11369 
   16    1    1   16     1     1     1    1    1    1  2.10191E-02 0.18841 
];

